{
  "datasets": {
    "spy_prices": "/Users/alessandromizzoni/Documents/Progetti/jsportfolioopt/data/spy_prices.csv",
    "stock_prices": "/Users/alessandromizzoni/Documents/Progetti/jsportfolioopt/data/stock_prices.csv"
  },
  "tests": [
    {
      "api": "BaseConvexOptimizer",
      "datasets": [
        "stock_prices"
      ],
      "expected": {
        "clone_constraints": 3,
        "gamma_defined": true,
        "gamma_value": 2.5
      },
      "id": "api::pypfopt.base_optimizer.BaseConvexOptimizer",
      "symbol": "pypfopt.base_optimizer.BaseConvexOptimizer",
      "tolerance": {
        "atol": 0.0,
        "rtol": 0.0
      }
    },
    {
      "api": "BaseOptimizer",
      "datasets": [
        "stock_prices"
      ],
      "expected": {
        "clean_weights": {
          "AAPL": 0.05,
          "AMD": 0.05,
          "AMZN": 0.05,
          "BABA": 0.05,
          "BAC": 0.05,
          "BBY": 0.05,
          "FB": 0.05,
          "GE": 0.05,
          "GM": 0.05,
          "GOOG": 0.05,
          "JPM": 0.05,
          "MA": 0.05,
          "PFE": 0.05,
          "RRC": 0.05,
          "SBUX": 0.05,
          "SHLD": 0.05,
          "T": 0.05,
          "UAA": 0.05,
          "WMT": 0.05,
          "XOM": 0.05
        },
        "set_weights": null
      },
      "id": "api::pypfopt.base_optimizer.BaseOptimizer",
      "symbol": "pypfopt.base_optimizer.BaseOptimizer",
      "tolerance": {
        "atol": 0.0,
        "rtol": 0.0
      }
    },
    {
      "api": "BlackLittermanModel",
      "datasets": [
        "stock_prices",
        "spy_prices"
      ],
      "expected": {
        "bl_cov": {
          "columns": [
            "GOOG",
            "AAPL",
            "FB",
            "BABA",
            "AMZN",
            "GE",
            "AMD",
            "WMT",
            "BAC",
            "GM",
            "T",
            "UAA",
            "SHLD",
            "XOM",
            "RRC",
            "BBY",
            "MA",
            "PFE",
            "JPM",
            "SBUX"
          ],
          "data": [
            [
              0.054057399327124826,
              0.024963234169685742,
              0.035911983402297724,
              0.030321090858243378,
              0.0406577515135183,
              0.015889938792779005,
              0.02095672732698792,
              0.010705963895756202,
              0.023196473954716693,
              0.018348338663592284,
              0.010328502902904985,
              0.02616622299579366,
              0.009102858525516773,
              0.013657162290884088,
              0.0062073748316205015,
              0.012793143940289074,
              0.025247953066696544,
              0.015118913917933564,
              0.02020911176591864,
              0.021294830505376144
            ],
            [
              0.02496323416968574,
              0.05451503643816034,
              0.027794535737660792,
              0.02421023210633204,
              0.02740465919856205,
              0.01491127696871113,
              0.033482423404038675,
              0.0116838563423476,
              0.024200933288421916,
              0.019469756211532397,
              0.010725105604685255,
              0.02336603123046689,
              0.018386709931122288,
              0.015130083818401528,
              0.01393655090119562,
              0.019117601723060006,
              0.023732545491615832,
              0.013059414537861259,
              0.02199580584333716,
              0.018341765719577574
            ],
            [
              0.035911983402297724,
              0.027794535737660792,
              0.06622449202522869,
              0.030552659847278143,
              0.03926414385230338,
              0.017168287334831975,
              0.029993878338938528,
              0.009866230783384519,
              0.024164863838989324,
              0.01947566138821366,
              0.00996568116512806,
              0.03540769364036024,
              0.014950606754303045,
              0.01340829739542249,
              0.011120291792744288,
              0.014425588829129919,
              0.026017275073289423,
              0.013866281653918197,
              0.02079813165433221,
              0.022542899909864366
            ],
            [
              0.030321090858243378,
              0.02421023210633204,
              0.030552659847278143,
              0.10532068845797446,
              0.034213063665967075,
              0.01684670908280306,
              0.05244407276632896,
              0.00891193044799567,
              0.025327713808176493,
              0.02112692933904621,
              0.007316663467390411,
              0.028677160289495796,
              0.026256668467279646,
              0.014568432718938496,
              0.02526733879178377,
              0.02025290940336668,
              0.026108220388775822,
              0.013481662303125235,
              0.021852612254115288,
              0.01779993555764876
            ],
            [
              0.0406577515135183,
              0.02740465919856205,
              0.03926414385230338,
              0.034213063665967075,
              0.08649196710732902,
              0.013182645760008242,
              0.03115354978131789,
              0.009418854973007849,
              0.022610370919822268,
              0.016883377524791243,
              0.00955676968998059,
              0.03068070576976836,
              0.0047525319636951,
              0.013132182500448559,
              0.020219985352811623,
              0.01466728526225945,
              0.026891867500605033,
              0.0118622212755539,
              0.01928252624195403,
              0.02579410968708745
            ],
            [
              0.015889938792779005,
              0.01491127696871113,
              0.017168287334831975,
              0.01684670908280306,
              0.013182645760008242,
              0.04717099912212595,
              0.0246441907750883,
              0.009985079476346055,
              0.026037971063485814,
              0.022709939570633587,
              0.013823879059861955,
              0.02786055040395892,
              0.030284379152309297,
              0.01819042262902808,
              0.02650183007561332,
              0.012414987419000982,
              0.01678498583253637,
              0.014672481108893718,
              0.0238713076872299,
              0.015971313881206
            ],
            [
              0.020956727326987917,
              0.033482423404038675,
              0.029993878338938528,
              0.05244407276632896,
              0.03115354978131789,
              0.0246441907750883,
              0.43538876047638,
              0.011690893307637704,
              0.04380457347723233,
              0.03620681303538433,
              0.01681012064438152,
              0.02733981705184332,
              0.03667273868738724,
              0.023387455567268477,
              0.06344159660616154,
              0.03135955268093198,
              0.03396127997268975,
              0.019292745928997528,
              0.032835735310974015,
              0.013687320191057768
            ],
            [
              0.010705963895756202,
              0.0116838563423476,
              0.009866230783384519,
              0.00891193044799567,
              0.009418854973007849,
              0.009985079476346055,
              0.011690893307637704,
              0.04317002386262872,
              0.010735397041783851,
              0.013007062967078261,
              0.011120342283161099,
              0.016702461745253507,
              0.029423670070034262,
              0.008999038833968914,
              0.005421428170541384,
              0.015135319723344096,
              0.011946066414332891,
              0.011645512448958168,
              0.012303967217849626,
              0.012715898643178368
            ],
            [
              0.023196473954716693,
              0.024200933288421916,
              0.024164863838989324,
              0.025327713808176493,
              0.022610370919822268,
              0.026037971063485814,
              0.04380457347723233,
              0.010735397041783851,
              0.07259770557415264,
              0.03290935978736158,
              0.01215803403577469,
              0.03694355816471689,
              0.03898940895610072,
              0.023897851266020582,
              0.035602397853872536,
              0.031021229726502567,
              0.028561781853222033,
              0.02024071667993943,
              0.052803871733756065,
              0.020191867287333742
            ],
            [
              0.018348338663592284,
              0.019469756211532397,
              0.01947566138821366,
              0.02112692933904621,
              0.016883377524791243,
              0.022709939570633587,
              0.03620681303538433,
              0.013007062967078261,
              0.03290935978736158,
              0.06407241231792768,
              0.012440167461438206,
              0.03346810052469828,
              0.03833041113303364,
              0.01714132286577082,
              0.027369922420027573,
              0.026219614709207428,
              0.01994709883337353,
              0.01570630988832905,
              0.028280809808641214,
              0.01816432686470704
            ],
            [
              0.010328502902904985,
              0.010725105604685255,
              0.00996568116512806,
              0.00731666346739041,
              0.009556769689980591,
              0.013823879059861955,
              0.01681012064438152,
              0.011120342283161099,
              0.01215803403577469,
              0.012440167461438206,
              0.027783413806265672,
              0.012691565573537608,
              0.015457537253686152,
              0.012715831011314013,
              0.016459849624170794,
              0.010526328581892914,
              0.011065231008988945,
              0.009738712917956267,
              0.013416388292214474,
              0.00936675080905916
            ],
            [
              0.02616622299579366,
              0.02336603123046689,
              0.03540769364036024,
              0.028677160289495796,
              0.03068070576976836,
              0.02786055040395892,
              0.02733981705184332,
              0.016702461745253507,
              0.03694355816471689,
              0.03346810052469828,
              0.012691565573537608,
              0.1863030898250688,
              0.06057930885865467,
              0.019703180807516076,
              0.03429453334989611,
              0.036036266636821884,
              0.024018517626248244,
              0.017742243316100057,
              0.03174455037458922,
              0.028114628982139307
            ],
            [
              0.009102858525516773,
              0.018386709931122288,
              0.014950606754303045,
              0.026256668467279646,
              0.0047525319636951,
              0.030284379152309297,
              0.03667273868738724,
              0.029423670070034262,
              0.03898940895610072,
              0.03833041113303364,
              0.015457537253686152,
              0.06057930885865467,
              0.5141772620652836,
              0.02054979541880935,
              0.05850226712974816,
              0.06167618554386552,
              0.015484198060830245,
              0.014618636751184147,
              0.026271323313219283,
              0.024815207752883265
            ],
            [
              0.013657162290884086,
              0.015130083818401528,
              0.01340829739542249,
              0.014568432718938496,
              0.013132182500448559,
              0.01819042262902808,
              0.023387455567268477,
              0.008999038833968914,
              0.023897851266020582,
              0.01714132286577082,
              0.012715831011314013,
              0.019703180807516076,
              0.02054979541880935,
              0.03783411459106283,
              0.04076190809205632,
              0.012323202027615953,
              0.01675179863354143,
              0.01339183159701651,
              0.02296165462297484,
              0.010381164206215062
            ],
            [
              0.0062073748316205015,
              0.01393655090119562,
              0.011120291792744288,
              0.02526733879178377,
              0.020219985352811623,
              0.02650183007561332,
              0.06344159660616154,
              0.005421428170541384,
              0.035602397853872536,
              0.027369922420027573,
              0.016459849624170794,
              0.03429453334989611,
              0.05850226712974816,
              0.04076190809205632,
              0.26282303948827374,
              0.030144438441519605,
              0.017519432777754588,
              0.009838509315841666,
              0.030598753254975734,
              0.009121451311686367
            ],
            [
              0.012793143940289074,
              0.019117601723060006,
              0.014425588829129919,
              0.02025290940336668,
              0.01466728526225945,
              0.012414987419000982,
              0.03135955268093198,
              0.015135319723344096,
              0.031021229726502567,
              0.026219614709207428,
              0.010526328581892914,
              0.036036266636821884,
              0.06167618554386552,
              0.012323202027615953,
              0.030144438441519605,
              0.13352413135546726,
              0.019462154714200396,
              0.012863674432516358,
              0.02421027358516792,
              0.01994167006290716
            ],
            [
              0.025247953066696544,
              0.023732545491615832,
              0.026017275073289423,
              0.026108220388775822,
              0.026891867500605033,
              0.01678498583253637,
              0.03396127997268975,
              0.011946066414332891,
              0.028561781853222033,
              0.01994709883337353,
              0.011065231008988945,
              0.024018517626248244,
              0.015484198060830245,
              0.01675179863354143,
              0.017519432777754588,
              0.019462154714200396,
              0.04245222782652072,
              0.015916288691978798,
              0.025586039404251415,
              0.020031691306707136
            ],
            [
              0.015118913917933564,
              0.013059414537861259,
              0.013866281653918197,
              0.013481662303125235,
              0.0118622212755539,
              0.014672481108893718,
              0.019292745928997528,
              0.011645512448958168,
              0.02024071667993943,
              0.01570630988832905,
              0.009738712917956267,
              0.017742243316100057,
              0.014618636751184147,
              0.01339183159701651,
              0.009838509315841666,
              0.012863674432516358,
              0.015916288691978798,
              0.032119294006471406,
              0.018894983656983434,
              0.011549479859703029
            ],
            [
              0.02020911176591864,
              0.02199580584333716,
              0.02079813165433221,
              0.021852612254115288,
              0.01928252624195403,
              0.0238713076872299,
              0.032835735310974015,
              0.012303967217849626,
              0.052803871733756065,
              0.028280809808641214,
              0.013416388292214474,
              0.03174455037458922,
              0.026271323313219283,
              0.02296165462297484,
              0.030598753254975734,
              0.02421027358516792,
              0.025586039404251415,
              0.018894983656983434,
              0.048546260236722136,
              0.01839364113553763
            ],
            [
              0.021294830505376144,
              0.018341765719577574,
              0.022542899909864366,
              0.01779993555764876,
              0.02579410968708745,
              0.015971313881206,
              0.013687320191057768,
              0.012715898643178368,
              0.020191867287333742,
              0.01816432686470704,
              0.00936675080905916,
              0.028114628982139307,
              0.024815207752883265,
              0.010381164206215062,
              0.009121451311686367,
              0.01994167006290716,
              0.020031691306707136,
              0.011549479859703029,
              0.01839364113553763,
              0.04141497635530516
            ]
          ],
          "index": [
            "GOOG",
            "AAPL",
            "FB",
            "BABA",
            "AMZN",
            "GE",
            "AMD",
            "WMT",
            "BAC",
            "GM",
            "T",
            "UAA",
            "SHLD",
            "XOM",
            "RRC",
            "BBY",
            "MA",
            "PFE",
            "JPM",
            "SBUX"
          ],
          "type": "dataframe"
        },
        "bl_returns": {
          "data": [
            0.04405629078590811,
            0.06187775010285798,
            0.03709073295776464,
            0.043606416164399725,
            0.048374366860710005,
            0.024394144115982033,
            0.050157469029378385,
            0.018944807144017667,
            0.0402084534039688,
            0.030517650255814828,
            0.016584536764412496,
            0.0384637177768945,
            0.028130249420555694,
            0.02439426357124022,
            0.02515598861093131,
            0.02860434392143317,
            0.03666992520094051,
            0.02169706959070324,
            0.03581155070568374,
            0.028697344238764744
          ],
          "index": [
            "GOOG",
            "AAPL",
            "FB",
            "BABA",
            "AMZN",
            "GE",
            "AMD",
            "WMT",
            "BAC",
            "GM",
            "T",
            "UAA",
            "SHLD",
            "XOM",
            "RRC",
            "BBY",
            "MA",
            "PFE",
            "JPM",
            "SBUX"
          ],
          "name": null,
          "type": "series"
        },
        "bl_weights": {
          "AAPL": 0.5761772033539754,
          "AMD": 0.004294891226104048,
          "AMZN": 0.08659699286121453,
          "BABA": 0.05323667496542935,
          "BAC": 0.0300642385827288,
          "BBY": 0.002197386208704411,
          "FB": -0.11125306584039298,
          "GE": 0.009588594365255625,
          "GM": 0.005093940756542026,
          "GOOG": 0.16441676155450666,
          "JPM": 0.04214986273060208,
          "MA": 0.028765783095766825,
          "PFE": 0.021174812556605995,
          "RRC": 9.988119130470876e-05,
          "SBUX": 0.01018788151308396,
          "SHLD": 2.978106535286094e-18,
          "T": 0.006092752669589303,
          "UAA": 0.00779073292177016,
          "WMT": 0.033859723852308794,
          "XOM": 0.0294649514349003
        },
        "portfolio_performance": [
          0.05223624002500708,
          0.18474158626547757,
          0.17449368426815887
        ]
      },
      "id": "api::pypfopt.black_litterman.BlackLittermanModel",
      "params": {
        "risk_free_rate": 0.02,
        "tau": 0.05
      },
      "symbol": "pypfopt.black_litterman.BlackLittermanModel",
      "tolerance": {
        "atol": 0.0001,
        "rtol": 0.001
      }
    },
    {
      "api": "default_omega",
      "datasets": [
        "stock_prices"
      ],
      "expected": [
        [
          0.0026456953607512847,
          0.0,
          0.0
        ],
        [
          0.0,
          0.0026651954301973625,
          0.0
        ],
        [
          0.0,
          0.0,
          0.003241242177919987
        ]
      ],
      "id": "api::pypfopt.black_litterman.BlackLittermanModel.default_omega",
      "symbol": "pypfopt.black_litterman.BlackLittermanModel.default_omega",
      "tolerance": {
        "atol": 1e-08,
        "rtol": 1e-06
      }
    },
    {
      "api": "idzorek_method",
      "datasets": [
        "stock_prices"
      ],
      "expected": [
        [
          0.0017637969071675234,
          0.0,
          0.0
        ],
        [
          0.0,
          0.001142226612941727,
          0.0
        ],
        [
          0.0,
          0.0,
          0.0008103105444799965
        ]
      ],
      "id": "api::pypfopt.black_litterman.BlackLittermanModel.idzorek_method",
      "symbol": "pypfopt.black_litterman.BlackLittermanModel.idzorek_method",
      "tolerance": {
        "atol": 0.0001,
        "rtol": 0.001
      }
    },
    {
      "api": "BlackLittermanModel",
      "datasets": [
        "stock_prices",
        "spy_prices"
      ],
      "expected": {
        "bl_cov": {
          "columns": [
            "GOOG",
            "AAPL",
            "FB",
            "BABA",
            "AMZN",
            "GE",
            "AMD",
            "WMT",
            "BAC",
            "GM",
            "T",
            "UAA",
            "SHLD",
            "XOM",
            "RRC",
            "BBY",
            "MA",
            "PFE",
            "JPM",
            "SBUX"
          ],
          "data": [
            [
              0.053594108100346365,
              0.024817919946842616,
              0.03553884690614822,
              0.030061173217500913,
              0.04030196164883335,
              0.015756059729155936,
              0.020794305512416834,
              0.010622867564355699,
              0.023008153297831853,
              0.01819931676138616,
              0.010246218151834068,
              0.025928146928218807,
              0.009036501794861783,
              0.013549907962383338,
              0.006163174493345663,
              0.012699353487007936,
              0.025037977596895352,
              0.0149943199419378,
              0.02004753871571102,
              0.02111287049892161
            ],
            [
              0.024817919946842616,
              0.05435598979246767,
              0.027559400543077754,
              0.024084377970727138,
              0.027247838975372175,
              0.014838889271307104,
              0.03334651135450683,
              0.011637766694527122,
              0.024094508980710708,
              0.019384073478426068,
              0.01068009622423175,
              0.023227732600772374,
              0.01831678110414047,
              0.015068588062603203,
              0.013884245536406749,
              0.019047746731519512,
              0.02362113898846396,
              0.01299927214714422,
              0.021902568546004454,
              0.01824837412250013
            ],
            [
              0.03553884690614822,
              0.027559400543077754,
              0.06513559994061038,
              0.03016647976158313,
              0.03876175025124657,
              0.016950593378401022,
              0.029608219776921164,
              0.009761654356362927,
              0.02387554878907089,
              0.019240564521447966,
              0.009853258037343302,
              0.03489527322893571,
              0.014758238277558707,
              0.013258600882783344,
              0.010975349757012637,
              0.014266093692245897,
              0.02569791481296575,
              0.01370626498782765,
              0.020555038005072055,
              0.02225433109555085
            ],
            [
              0.030061173217500913,
              0.024084377970727138,
              0.030166479761583133,
              0.10513187805242032,
              0.033962640223399905,
              0.016744359128639853,
              0.052287070484888024,
              0.00885418655934667,
              0.0251862067925606,
              0.02101346963495393,
              0.007257859098412086,
              0.028468759369977822,
              0.026183006395031225,
              0.014490636921034224,
              0.025213905224572807,
              0.020176269283778168,
              0.025952425937795606,
              0.01339611952703218,
              0.02173185205696398,
              0.017663193127835583
            ],
            [
              0.04030196164883335,
              0.027247838975372175,
              0.03876175025124657,
              0.033962640223399905,
              0.08615790652188304,
              0.01304787634915946,
              0.030952746910044238,
              0.00934279594406699,
              0.02242446570319862,
              0.01673450825837826,
              0.00947928923008866,
              0.030407980555077988,
              0.004659728009414891,
              0.013030008699363285,
              0.02015313575928149,
              0.014568522355195686,
              0.026686379164953138,
              0.011748569996537832,
              0.019124066849881678,
              0.025613464869231203
            ],
            [
              0.015756059729155936,
              0.014838889271307104,
              0.016950593378401022,
              0.016744359128639853,
              0.01304787634915946,
              0.04711497223304767,
              0.02455493088705753,
              0.009953726402694945,
              0.025960478753109813,
              0.022647681152415205,
              0.013791881354808948,
              0.02774479519069047,
              0.030241724315723185,
              0.018147932281315567,
              0.026470608789910786,
              0.012372130048887653,
              0.0167000174482622,
              0.014626396977566666,
              0.02380514413597669,
              0.01589675130385898
            ],
            [
              0.020794305512416834,
              0.03334651135450683,
              0.029608219776921164,
              0.052287070484888024,
              0.030952746910044238,
              0.02455493088705753,
              0.4352265789297255,
              0.011642562333181112,
              0.04368099587445446,
              0.03610676743279004,
              0.01676035191492656,
              0.027145077462931124,
              0.0365907390190921,
              0.0233204129006546,
              0.06337997679201068,
              0.03128592111241112,
              0.03382784286585417,
              0.019223854100960964,
              0.032730050153984405,
              0.013570270477252448
            ],
            [
              0.010622867564355699,
              0.011637766694527122,
              0.009761654356362927,
              0.00885418655934667,
              0.00934279594406699,
              0.009953726402694945,
              0.011642562333181112,
              0.04315116075364777,
              0.010691030268112224,
              0.012971578814163567,
              0.011101534071862226,
              0.016642104458828334,
              0.02940088218786549,
              0.008974018650402567,
              0.005404964672684992,
              0.015110303181658794,
              0.011897769130879471,
              0.011618494461954247,
              0.012265741815947313,
              0.012674220063934273
            ],
            [
              0.023008153297831853,
              0.024094508980710708,
              0.02387554878907089,
              0.0251862067925606,
              0.02242446570319862,
              0.025960478753109813,
              0.04368099587445446,
              0.010691030268112224,
              0.0724896612541911,
              0.032822635260189616,
              0.01211309907073517,
              0.03678644624426649,
              0.03893027951198462,
              0.023838071803457792,
              0.03555918200638763,
              0.030960669871488124,
              0.028443766986817557,
              0.02017626901252346,
              0.05271131579666871,
              0.020088908713981606
            ],
            [
              0.01819931676138616,
              0.019384073478426068,
              0.01924056452144797,
              0.02101346963495393,
              0.01673450825837826,
              0.022647681152415205,
              0.03610676743279004,
              0.012971578814163567,
              0.032822635260189616,
              0.06400276342748874,
              0.012404179252376442,
              0.033341182021463654,
              0.03828237498762419,
              0.017093419282489378,
              0.02733474552761523,
              0.02617087840861481,
              0.019852407028537047,
              0.015654776258315236,
              0.02820654051741578,
              0.018081659136145223
            ],
            [
              0.010246218151834068,
              0.01068009622423175,
              0.009853258037343302,
              0.007257859098412086,
              0.00947928923008866,
              0.013791881354808948,
              0.01676035191492656,
              0.011101534071862226,
              0.01211309907073517,
              0.012404179252376442,
              0.027764521414031986,
              0.012628509386611236,
              0.015433988029484182,
              0.012690718662833817,
              0.0164427681117937,
              0.010501181703925258,
              0.011016186515988232,
              0.009711535555711644,
              0.013377789815817815,
              0.009324189431422731
            ],
            [
              0.025928146928218807,
              0.023227732600772374,
              0.03489527322893571,
              0.028468759369977822,
              0.030407980555077988,
              0.02774479519069047,
              0.027145077462931124,
              0.016642104458828334,
              0.03678644624426649,
              0.033341182021463654,
              0.012628509386611236,
              0.18604777477440437,
              0.060484094607712806,
              0.019619322118533483,
              0.034223753282430464,
              0.03594938584939544,
              0.02384575269019131,
              0.017651973372196275,
              0.03161140086787616,
              0.02796090847188227
            ],
            [
              0.009036501794861783,
              0.01831678110414047,
              0.014758238277558707,
              0.026183006395031225,
              0.004659728009414891,
              0.030241724315723185,
              0.0365907390190921,
              0.02940088218786549,
              0.03893027951198462,
              0.03828237498762419,
              0.015433988029484182,
              0.060484094607712806,
              0.5141349121052071,
              0.020517847597766748,
              0.058470148275399925,
              0.06163972401755235,
              0.015420838798978195,
              0.014586693606419194,
              0.0262206989876311,
              0.02475967376555924
            ],
            [
              0.013549907962383336,
              0.015068588062603203,
              0.013258600882783344,
              0.014490636921034224,
              0.013030008699363285,
              0.018147932281315567,
              0.0233204129006546,
              0.008974018650402567,
              0.023838071803457792,
              0.017093419282489378,
              0.012690718662833817,
              0.019619322118533483,
              0.020517847597766748,
              0.03780067648010359,
              0.040738662633538515,
              0.012289402867861227,
              0.016686703032162277,
              0.013355870021126016,
              0.02291026040191443,
              0.010324748594022885
            ],
            [
              0.006163174493345663,
              0.013884245536406749,
              0.010975349757012637,
              0.025213905224572807,
              0.02015313575928149,
              0.026470608789910786,
              0.06337997679201068,
              0.005404964672684992,
              0.03555918200638763,
              0.02733474552761523,
              0.0164427681117937,
              0.034223753282430464,
              0.058470148275399925,
              0.040738662633538515,
              0.2627985752698195,
              0.03011742848899783,
              0.017473254639202476,
              0.009815553897328088,
              0.030561765606707324,
              0.009080928799859238
            ],
            [
              0.012699353487007936,
              0.019047746731519512,
              0.014266093692245897,
              0.020176269283778168,
              0.014568522355195686,
              0.012372130048887653,
              0.03128592111241112,
              0.015110303181658794,
              0.030960669871488124,
              0.02617087840861481,
              0.010501181703925258,
              0.03594938584939544,
              0.06163972401755235,
              0.012289402867861227,
              0.03011742848899783,
              0.13348809905616696,
              0.019396944435829767,
              0.012828570050426305,
              0.024158076881423417,
              0.019885333236290752
            ],
            [
              0.025037977596895352,
              0.02362113898846396,
              0.02569791481296575,
              0.025952425937795606,
              0.026686379164953138,
              0.0167000174482622,
              0.03382784286585417,
              0.011897769130879471,
              0.028443766986817557,
              0.019852407028537047,
              0.011016186515988232,
              0.02384575269019131,
              0.015420838798978195,
              0.016686703032162277,
              0.017473254639202476,
              0.019396944435829767,
              0.0423228859313592,
              0.015845531518980025,
              0.025485115205953354,
              0.019918538017081242
            ],
            [
              0.0149943199419378,
              0.01299927214714422,
              0.01370626498782765,
              0.01339611952703218,
              0.011748569996537832,
              0.014626396977566666,
              0.019223854100960964,
              0.011618494461954247,
              0.02017626901252346,
              0.015654776258315236,
              0.009711535555711644,
              0.017651973372196275,
              0.014586693606419194,
              0.013355870021126016,
              0.009815553897328088,
              0.012828570050426305,
              0.015845531518980025,
              0.03207973581092641,
              0.018839736435852145,
              0.011487891772563099
            ],
            [
              0.02004753871571102,
              0.021902568546004454,
              0.020555038005072055,
              0.02173185205696398,
              0.019124066849881678,
              0.02380514413597669,
              0.032730050153984405,
              0.012265741815947313,
              0.05271131579666871,
              0.028206540517415776,
              0.013377789815817815,
              0.03161140086787616,
              0.0262206989876311,
              0.02291026040191443,
              0.030561765606707324,
              0.024158076881423417,
              0.025485115205953354,
              0.018839736435852145,
              0.04846686325650693,
              0.01830580636211581
            ],
            [
              0.02111287049892161,
              0.01824837412250013,
              0.02225433109555085,
              0.017663193127835583,
              0.025613464869231203,
              0.01589675130385898,
              0.013570270477252448,
              0.012674220063934273,
              0.020088908713981606,
              0.018081659136145223,
              0.009324189431422731,
              0.02796090847188227,
              0.02475967376555924,
              0.010324748594022885,
              0.009080928799859238,
              0.019885333236290752,
              0.019918538017081242,
              0.011487891772563099,
              0.01830580636211581,
              0.04131556428094926
            ]
          ],
          "index": [
            "GOOG",
            "AAPL",
            "FB",
            "BABA",
            "AMZN",
            "GE",
            "AMD",
            "WMT",
            "BAC",
            "GM",
            "T",
            "UAA",
            "SHLD",
            "XOM",
            "RRC",
            "BBY",
            "MA",
            "PFE",
            "JPM",
            "SBUX"
          ],
          "type": "dataframe"
        },
        "bl_returns": {
          "data": [
            0.04375790847104878,
            0.06330038388960295,
            0.024343561731953227,
            0.04126489542508653,
            0.04517735263710976,
            0.02305823538013202,
            0.047666024682419525,
            0.01880314623249711,
            0.03884990166088088,
            0.029364223316659943,
            0.016234255258763097,
            0.033774814606877035,
            0.02688534408357951,
            0.023970935369832684,
            0.024173702272492003,
            0.028198083631167305,
            0.03496658232670808,
            0.02109934220540345,
            0.034822785692823266,
            0.026859602412073892
          ],
          "index": [
            "GOOG",
            "AAPL",
            "FB",
            "BABA",
            "AMZN",
            "GE",
            "AMD",
            "WMT",
            "BAC",
            "GM",
            "T",
            "UAA",
            "SHLD",
            "XOM",
            "RRC",
            "BBY",
            "MA",
            "PFE",
            "JPM",
            "SBUX"
          ],
          "name": null,
          "type": "series"
        },
        "bl_weights": {
          "AAPL": 0.6787133281967155,
          "AMD": 0.004437205227103173,
          "AMZN": 0.08946644027670776,
          "BABA": 0.055000706652232105,
          "BAC": 0.0310604365897216,
          "BBY": 0.002270198023169041,
          "FB": -0.33915418751017734,
          "GE": 0.009906318646555837,
          "GM": 0.0052627317809827885,
          "GOOG": 0.27749972913253645,
          "JPM": 0.04354652571715248,
          "MA": 0.029718955939667606,
          "PFE": 0.021876453677810614,
          "RRC": 0.00010319081923492899,
          "SBUX": 0.010525463561965579,
          "SHLD": 1.3888418637170834e-17,
          "T": 0.006294639973332282,
          "UAA": 0.008048883900326641,
          "WMT": 0.0349816877206504,
          "XOM": 0.030441291674312535
        },
        "portfolio_performance": [
          0.0600899038203968,
          0.20131862914476462,
          0.19913658259399766
        ]
      },
      "id": "api::pypfopt.black_litterman.BlackLittermanModel::omega_idzorek_conf_tau_0_05_rfr_0_02",
      "params": {
        "omega": "idzorek",
        "risk_free_rate": 0.02,
        "tau": 0.05,
        "view_confidences": [
          0.55,
          0.7,
          0.9
        ]
      },
      "symbol": "pypfopt.black_litterman.BlackLittermanModel",
      "tolerance": {
        "atol": 0.0001,
        "rtol": 0.001
      }
    },
    {
      "api": "BlackLittermanModel",
      "datasets": [
        "stock_prices",
        "spy_prices"
      ],
      "expected": {
        "bl_cov": {
          "columns": [
            "GOOG",
            "AAPL",
            "FB",
            "BABA",
            "AMZN",
            "GE",
            "AMD",
            "WMT",
            "BAC",
            "GM",
            "T",
            "UAA",
            "SHLD",
            "XOM",
            "RRC",
            "BBY",
            "MA",
            "PFE",
            "JPM",
            "SBUX"
          ],
