{
  "baseline": {
    "coreTestFiles": [
      "test_base_optimizer.py",
      "test_black_litterman.py",
      "test_cla.py",
      "test_custom_objectives.py",
      "test_discrete_allocation.py",
      "test_efficient_cdar.py",
      "test_efficient_cvar.py",
      "test_efficient_frontier.py",
      "test_efficient_semivariance.py",
      "test_expected_returns.py",
      "test_hrp.py",
      "test_objective_functions.py",
      "test_risk_models.py"
    ],
    "pypfoptFile": "/Users/alessandromizzoni/Documents/Progetti/jsportfolioopt/references/PyPortfolioOpt-main/pypfopt/__init__.py",
    "root": "/Users/alessandromizzoni/Documents/Progetti/jsportfolioopt/references/PyPortfolioOpt-main",
    "selectedModules": [
      "base_optimizer",
      "black_litterman",
      "cla",
      "custom_objectives",
      "discrete_allocation",
      "efficient_cdar",
      "efficient_cvar",
      "efficient_frontier",
      "efficient_semivariance",
      "expected_returns",
      "hrp",
      "objective_functions",
      "risk_models"
    ]
  },
  "cases": [
    {
      "call": {
        "kind": "extra_api_scenario",
        "symbol": "pypfopt.base_optimizer.BaseConvexOptimizer.deepcopy"
      },
      "expectation_kind": "invariant",
      "expected": {
        "result": {
          "base_after": 2,
          "base_count": 2,
          "clone_after": 3,
          "clone_before": 2
        },
        "status": "pass",
        "warnings": []
      },
      "id": "extra::base_optimizer::deepcopy",
      "inputs_ref": {
        "api_mentions": [
          "BaseConvexOptimizer",
          "EfficientFrontier",
          "deepcopy"
        ],
        "datasets": [
          "stock_prices"
        ]
      },
      "module": "base_optimizer",
      "source_test": "manual::base_optimizer::deepcopy",
      "tolerance": {
        "atol": 0.0,
        "rtol": 0.0
      }
    },
    {
      "call": {
        "kind": "extra_api_scenario",
        "symbol": "pypfopt.base_optimizer.BaseConvexOptimizer.is_parameter_defined"
      },
      "expectation_kind": "invariant",
      "expected": {
        "result": {
          "gamma_defined": false,
          "missing_defined": false
        },
        "status": "pass",
        "warnings": []
      },
      "id": "extra::base_optimizer::is_parameter_defined",
      "inputs_ref": {
        "api_mentions": [
          "BaseConvexOptimizer",
          "EfficientFrontier",
          "is_parameter_defined"
        ],
        "datasets": [
          "stock_prices"
        ]
      },
      "module": "base_optimizer",
      "source_test": "manual::base_optimizer::is_parameter_defined",
      "tolerance": {
        "atol": 0.0,
        "rtol": 0.0
      }
    },
    {
      "call": {
        "kind": "extra_api_scenario",
        "symbol": "pypfopt.base_optimizer.BaseConvexOptimizer.update_parameter_value"
      },
      "expectation_kind": "invariant",
      "expected": {
        "result": {
          "gamma": 2.5,
          "gamma_defined": true
        },
        "status": "pass",
        "warnings": []
      },
      "id": "extra::base_optimizer::update_parameter_value",
      "inputs_ref": {
        "api_mentions": [
          "BaseConvexOptimizer",
          "EfficientFrontier",
          "update_parameter_value"
        ],
        "datasets": [
          "stock_prices"
        ]
      },
      "module": "base_optimizer",
      "source_test": "manual::base_optimizer::update_parameter_value",
      "tolerance": {
        "atol": 0.0,
        "rtol": 0.0
      }
    },
    {
      "call": {
        "kind": "extra_api_scenario",
        "symbol": "pypfopt.black_litterman.BlackLittermanModel.default_omega"
      },
      "expectation_kind": "numeric",
      "expected": {
        "result": [
          [
            0.004660556828814575,
            0.0,
            0.0
          ],
          [
            0.0,
            0.010376845258775637,
            0.0
          ],
          [
            0.0,
            0.0,
            0.0068600575181474235
          ]
        ],
        "status": "pass",
        "warnings": []
      },
      "id": "extra::black_litterman::default_omega",
      "inputs_ref": {
        "api_mentions": [
          "BlackLittermanModel",
          "default_omega"
        ],
        "datasets": [
          "stock_prices"
        ]
      },
      "module": "black_litterman",
      "source_test": "manual::black_litterman::default_omega",
      "tolerance": {
        "atol": 1e-08,
        "rtol": 1e-06
      }
    },
    {
      "call": {
        "kind": "extra_api_scenario",
        "symbol": "pypfopt.black_litterman.BlackLittermanModel.idzorek_method"
      },
      "expectation_kind": "numeric",
      "expected": {
        "result": [
          [
            0.0031070378858763835,
            0.0,
            0.0
          ],
          [
            0.0,
            0.004447219396618131,
            0.0
          ],
          [
            0.0,
            0.0,
            0.0017150143795368555
          ]
        ],
        "status": "pass",
        "warnings": []
      },
      "id": "extra::black_litterman::idzorek_method",
      "inputs_ref": {
        "api_mentions": [
          "BlackLittermanModel",
          "idzorek_method"
        ],
        "datasets": [
          "stock_prices"
        ]
      },
      "module": "black_litterman",
      "source_test": "manual::black_litterman::idzorek_method",
      "tolerance": {
        "atol": 0.0001,
        "rtol": 0.001
      }
    },
    {
      "call": {
        "kind": "extra_api_scenario",
        "symbol": "pypfopt.risk_models.min_cov_determinant"
      },
      "expectation_kind": "warning",
      "expected": {
        "result": {
          "columns": [
            "GOOG",
            "AAPL",
            "FB",
            "BABA",
            "AMZN",
            "GE",
            "AMD",
            "WMT",
            "BAC",
            "GM",
            "T",
            "UAA",
            "SHLD",
            "XOM",
            "RRC",
            "BBY",
            "MA",
            "PFE",
            "JPM",
            "SBUX"
          ],
          "data": [
            [
              0.019472324246939822,
              0.011823475571748163,
              0.014006959473450714,
              0.012877715081298048,
              0.01579397285062606,
              0.005739885161441156,
              0.013717498987884087,
              0.006551586365188122,
              0.010661499569782204,
              0.009758452678456304,
              0.0053051089909959635,
              0.010632122417430057,
              0.0028696821737561056,
              0.005391867953109812,
              0.0016888408727210192,
              0.010150426091625768,
              0.011401234164185474,
              0.007031784932703572,
              0.009638919824739335,
              0.00985459517631293
            ],
            [
              0.011823475571748163,
              0.027585599213002396,
              0.014129028736291752,
              0.012048302896771895,
              0.013147914750374743,
              0.006531695476128619,
              0.018676091811742436,
              0.005176792576117596,
              0.009900678929486529,
              0.009009220851669752,
              0.005896933287117311,
              0.011562382170897799,
              0.005889465602983453,
              0.007139599771267821,
              0.009420853770475782,
              0.010063086745388288,
              0.010842212415695196,
              0.005998390539083216,
              0.009809795036935234,
              0.00919716243967257
            ],
            [
              0.014006959473450714,
              0.014129028736291752,
              0.02288566376573461,
              0.012321852832827605,
              0.015187346505276545,
              0.006119460014508001,
              0.015843125114187034,
              0.005540701734900358,
              0.009701783468365316,
              0.007708642946211805,
              0.003819733344660564,
              0.010695369550936038,
              0.007178798384261124,
              0.00524679292812033,
              0.0027644467840219067,
              0.00863551451108631,
              0.011217252375933049,
              0.0051093516234606345,
              0.008765465485763962,
              0.008663965868497998
            ],
            [
              0.012877715081298048,
              0.012048302896771895,
              0.012321852832827605,
              0.057690643276616355,
              0.013646743113663236,
              0.009769554869738722,
              0.025422872114416916,
              0.009607428569193308,
              0.011532952568165437,
              0.015761097429535482,
              0.005897318365436125,
              0.01880087199019203,
              0.018518457895701824,
              0.006466613502163442,
              0.011589656350992045,
              0.015738563936659226,
              0.012683979865300307,
              0.0060511454932311035,
              0.01014988188939911,
              0.010987247399837186
            ],
            [
              0.01579397285062606,
              0.013147914750374743,
              0.015187346505276545,
              0.013646743113663236,
              0.0260890663892958,
              0.0073885842373997545,
              0.016456419094981863,
              0.007481237503290317,
              0.010028416999093619,
              0.009547206434616212,
              0.005395573385772757,
              0.011476306005365701,
              0.006148432181454533,
              0.005815438898107665,
              0.00561039039970374,
              0.012315428480365242,
              0.012990266171193818,
              0.006738476445671835,
              0.009488705374463467,
              0.010115699457605072
            ],
            [
              0.005739885161441156,
              0.006531695476128619,
              0.006119460014508001,
              0.009769554869738722,
              0.0073885842373997545,
              0.018411191337039376,
              0.009607354614244576,
              0.006157923377752965,
              0.00930078968609631,
              0.011359676703810407,
              0.006192646135289803,
              0.012579749758825549,
              0.010110612239839568,
              0.007076151244448421,
              0.011581633805450204,
              0.0078011165284884824,
              0.007829000873972088,
              0.005984621046772349,
              0.00852025836826439,
              0.007296635340240015
            ],
            [
              0.013717498987884087,
              0.018676091811742436,
              0.015843125114187034,
              0.025422872114416916,
              0.016456419094981863,
              0.009607354614244576,
              0.17196803892959106,
              0.01132591232732782,
              0.01946576007789895,
              0.016996480286344727,
              0.006638269570216237,
              0.012522556471085147,
              0.029915007267549268,
              0.010631626573113817,
              0.022159717574913692,
              0.02054712342176526,
              0.015757543220713734,
              0.007703912796615711,
              0.01588927886606367,
              0.01099271325277871
            ],
            [
              0.006551586365188122,
              0.005176792576117596,
              0.005540701734900358,
              0.009607428569193308,
              0.007481237503290317,
              0.006157923377752965,
              0.01132591232732782,
              0.018067122825603004,
              0.005196312269071659,
              0.007419699249609424,
              0.00555908076548206,
              0.008354323850082924,
              0.011667809919767834,
              0.0038876749528973,
              0.0036681680558233046,
              0.011259581387586506,
              0.006930416824966037,
              0.004994695511733924,
              0.005635995256315605,
              0.006592661675159115
            ],
            [
              0.010661499569782204,
              0.009900678929486529,
              0.009701783468365316,
              0.011532952568165437,
              0.010028416999093619,
              0.00930078968609631,
              0.01946576007789895,
              0.005196312269071659,
              0.03226676854207247,
              0.015977079899119378,
              0.00434653761217442,
              0.013937337784557892,
              0.02141115786798337,
              0.008732154444707237,
              0.0134443723069575,
              0.013734045045516155,
              0.012570692109505814,
              0.006510032953771805,
              0.021541275708667658,
              0.007890189300662738
            ],
            [
              0.009758452678456304,
              0.009009220851669752,
              0.007708642946211805,
              0.015761097429535482,
              0.009547206434616212,
              0.011359676703810407,
              0.016996480286344727,
              0.007419699249609424,
              0.015977079899119378,
              0.033685630024574593,
              0.006368272995469449,
              0.01766183195005649,
              0.019602705304720938,
              0.008382316835245198,
              0.012149003518962434,
              0.0160743364857239,
              0.009629686937789232,
              0.006768933146009725,
              0.012952176950078234,
              0.008728119939509086
            ],
            [
              0.0053051089909959635,
              0.005896933287117311,
              0.003819733344660564,
              0.005897318365436125,
              0.005395573385772757,
              0.006192646135289803,
              0.006638269570216237,
              0.00555908076548206,
              0.00434653761217442,
              0.006368272995469449,
              0.0140227123986691,
              0.006601146621477131,
              0.002233256622981773,
              0.005531531269897617,
              0.006854108391378494,
              0.005916083549626965,
              0.005750553221689381,
              0.0047666890746621195,
              0.00595794608306008,
              0.0038907850063106836
            ],
            [
              0.010632122417430057,
              0.011562382170897799,
              0.010695369550936038,
              0.01880087199019203,
              0.011476306005365701,
              0.012579749758825549,
              0.012522556471085147,
              0.008354323850082924,
              0.013937337784557892,
              0.01766183195005649,
              0.006601146621477131,
              0.06557396767572495,
              0.024580556709803622,
              0.008269070282875188,
              0.02058933239672901,
              0.024221473341965616,
              0.011141208188334719,
              0.00806171470877471,
              0.013177755930756652,
              0.011558175773888315
            ],
            [
              0.0028696821737561056,
              0.005889465602983453,
              0.007178798384261124,
              0.018518457895701824,
              0.006148432181454533,
              0.010110612239839568,
              0.029915007267549268,
              0.011667809919767834,
              0.02141115786798337,
              0.019602705304720938,
              0.002233256622981773,
              0.024580556709803622,
              0.3276294982412435,
              0.0073941440374831096,
              0.01558536904066717,
              0.024406536252672372,
              0.008840206790523,
              0.006024422309460008,
              0.012582286615911995,
              0.0051487654095998085
            ],
            [
              0.005391867953109812,
              0.007139599771267821,
              0.00524679292812033,
              0.006466613502163442,
              0.005815438898107665,
              0.007076151244448421,
              0.010631626573113817,
              0.0038876749528973,
              0.008732154444707237,
              0.008382316835245198,
              0.005531531269897617,
              0.008269070282875188,
              0.0073941440374831096,
              0.01703809317117173,
              0.020801299565759067,
              0.005849157140815419,
              0.007230373958226426,
              0.005053410606027691,
              0.009224708946027017,
              0.0037672087815198417
            ],
            [
              0.0016888408727210192,
              0.009420853770475782,
              0.0027644467840219067,
              0.011589656350992045,
              0.00561039039970374,
              0.011581633805450204,
              0.022159717574913692,
              0.0036681680558233046,
              0.0134443723069575,
              0.012149003518962434,
              0.006854108391378494,
              0.02058933239672901,
              0.01558536904066717,
              0.020801299565759067,
              0.13892963476449963,
              0.017024817631024806,
              0.006324485911265599,
              0.004669988083868023,
              0.01384541079924951,
              0.0030258468379638654
            ],
            [
              0.010150426091625768,
              0.010063086745388288,
              0.00863551451108631,
              0.015738563936659226,
              0.012315428480365242,
              0.0078011165284884824,
              0.02054712342176526,
              0.011259581387586506,
              0.013734045045516155,
              0.0160743364857239,
              0.005916083549626965,
              0.024221473341965616,
              0.024406536252672372,
              0.005849157140815419,
              0.017024817631024806,
              0.04956454864769955,
              0.011148642937858543,
              0.006261904858128578,
              0.012641239249652736,
              0.010660523599966925
            ],
            [
              0.011401234164185474,
              0.010842212415695196,
              0.011217252375933049,
              0.012683979865300307,
              0.012990266171193818,
              0.007829000873972088,
              0.015757543220713734,
              0.006930416824966037,
              0.012570692109505814,
              0.009629686937789232,
              0.005750553221689381,
              0.011141208188334719,
              0.008840206790523,
              0.007230373958226426,
              0.006324485911265599,
              0.011148642937858543,
              0.0192241973826846,
              0.007021157384557703,
              0.01166669045517658,
              0.008840847037478984
            ],
            [
              0.007031784932703572,
              0.005998390539083216,
              0.0051093516234606345,
              0.0060511454932311035,
              0.006738476445671835,
              0.005984621046772349,
              0.007703912796615711,
              0.004994695511733924,
              0.006510032953771805,
              0.006768933146009725,
              0.0047666890746621195,
              0.00806171470877471,
              0.006024422309460008,
              0.005053410606027691,
              0.004669988083868023,
              0.006261904858128578,
              0.007021157384557703,
              0.014285209068831232,
              0.007248072222956965,
              0.006618122000850899
            ],
            [
              0.009638919824739335,
              0.009809795036935234,
              0.008765465485763962,
              0.01014988188939911,
              0.009488705374463467,
              0.00852025836826439,
              0.01588927886606367,
              0.005635995256315605,
              0.021541275708667658,
              0.012952176950078234,
              0.00595794608306008,
              0.013177755930756652,
              0.012582286615911995,
              0.009224708946027017,
              0.01384541079924951,
              0.012641239249652736,
              0.01166669045517658,
              0.007248072222956965,
              0.019859947570049906,
              0.007515660100411623
            ],
            [
              0.00985459517631293,
              0.00919716243967257,
              0.008663965868497998,
              0.010987247399837186,
              0.010115699457605072,
              0.007296635340240015,
              0.01099271325277871,
              0.006592661675159115,
              0.007890189300662738,
              0.008728119939509086,
              0.0038907850063106836,
              0.011558175773888315,
              0.0051487654095998085,
              0.0037672087815198417,
              0.0030258468379638654,
              0.010660523599966925,
              0.008840847037478984,
              0.006618122000850899,
              0.007515660100411623,
              0.01986485833899404
            ]
          ],
          "index": [
            "GOOG",
            "AAPL",
            "FB",
            "BABA",
            "AMZN",
            "GE",
            "AMD",
            "WMT",
            "BAC",
            "GM",
            "T",
            "UAA",
            "SHLD",
            "XOM",
            "RRC",
            "BBY",
            "MA",
            "PFE",
            "JPM",
            "SBUX"
          ],
          "type": "dataframe"
        },
        "status": "pass",
        "warnings": [
          {
            "category": "UserWarning",
            "message": "min_cov_determinant is deprecated and will be removed in v1.5"
          }
        ]
      },
      "id": "extra::risk_models::min_cov_determinant",
      "inputs_ref": {
        "api_mentions": [
          "min_cov_determinant"
        ],
        "datasets": [
          "stock_prices"
        ]
      },
      "module": "risk_models",
      "source_test": "manual::risk_models::min_cov_determinant",
      "tolerance": {
        "atol": 0.0001,
        "rtol": 0.001
      }
    },
    {
      "call": {
        "kind": "python_test_function",
        "symbol": "tests.test_base_optimizer.test_add_constraint_exception"
      },
      "expectation_kind": "exception",
      "expected": {
        "result": null,
        "status": "pass",
        "warnings": []
      },
      "id": "test::base_optimizer::test_add_constraint_exception",
      "inputs_ref": {
        "api_mentions": [],
        "datasets": []
      },
      "module": "base_optimizer",
      "source_test": "tests/test_base_optimizer.py::test_add_constraint_exception",
      "tolerance": {
        "atol": 0.0,
        "rtol": 0.0
      }
    },
    {
      "call": {
        "kind": "python_test_function",
        "symbol": "tests.test_base_optimizer.test_base_optimizer"
      },
      "expectation_kind": "invariant",
      "expected": {
        "result": null,
        "status": "pass",
        "warnings": []
      },
      "id": "test::base_optimizer::test_base_optimizer",
      "inputs_ref": {
        "api_mentions": [
          "BaseOptimizer"
        ],
        "datasets": []
      },
      "module": "base_optimizer",
      "source_test": "tests/test_base_optimizer.py::test_base_optimizer",
      "tolerance": {
        "atol": 0.0,
        "rtol": 0.0
      }
    },
    {
      "call": {
        "kind": "python_test_function",
        "symbol": "tests.test_base_optimizer.test_bound_failure"
      },
      "expectation_kind": "exception",
      "expected": {
        "result": null,
        "status": "pass",
        "warnings": []
      },
      "id": "test::base_optimizer::test_bound_failure",
      "inputs_ref": {
        "api_mentions": [],
        "datasets": []
      },
      "module": "base_optimizer",
      "source_test": "tests/test_base_optimizer.py::test_bound_failure",
      "tolerance": {
        "atol": 0.0,
        "rtol": 0.0
      }
    },
    {
      "call": {
        "kind": "python_test_function",
        "symbol": "tests.test_base_optimizer.test_bound_input_types"
      },
      "expectation_kind": "numeric",
      "expected": {
        "result": null,
        "status": "pass",
        "warnings": []
      },
      "id": "test::base_optimizer::test_bound_input_types",
      "inputs_ref": {
        "api_mentions": [],
        "datasets": []
      },
      "module": "base_optimizer",
      "source_test": "tests/test_base_optimizer.py::test_bound_input_types",
      "tolerance": {
        "atol": 1e-08,
        "rtol": 1e-06
      }
    },
    {
      "call": {
        "kind": "python_test_function",
        "symbol": "tests.test_base_optimizer.test_bounds_errors"
      },
      "expectation_kind": "exception",
      "expected": {
        "result": null,
        "status": "pass",
        "warnings": []
      },
      "id": "test::base_optimizer::test_bounds_errors",
      "inputs_ref": {
        "api_mentions": [],
        "datasets": []
      },
      "module": "base_optimizer",
      "source_test": "tests/test_base_optimizer.py::test_bounds_errors",
      "tolerance": {
        "atol": 0.0,
        "rtol": 0.0
      }
    },
    {
      "call": {
        "kind": "python_test_function",
        "symbol": "tests.test_base_optimizer.test_clean_weights"
      },
      "expectation_kind": "invariant",
      "expected": {
        "result": null,
        "status": "pass",
        "warnings": []
      },
      "id": "test::base_optimizer::test_clean_weights",
      "inputs_ref": {
        "api_mentions": [],
        "datasets": []
      },
      "module": "base_optimizer",
      "source_test": "tests/test_base_optimizer.py::test_clean_weights",
      "tolerance": {
        "atol": 0.0,
        "rtol": 0.0
      }
    },
    {
      "call": {
        "kind": "python_test_function",
        "symbol": "tests.test_base_optimizer.test_clean_weights_error"
      },
      "expectation_kind": "exception",
      "expected": {
        "result": null,
        "status": "pass",
        "warnings": []
      },
      "id": "test::base_optimizer::test_clean_weights_error",
      "inputs_ref": {
        "api_mentions": [],
        "datasets": []
      },
      "module": "base_optimizer",
      "source_test": "tests/test_base_optimizer.py::test_clean_weights_error",
      "tolerance": {
        "atol": 0.0,
        "rtol": 0.0
      }
    },
    {
      "call": {
        "kind": "python_test_function",
        "symbol": "tests.test_base_optimizer.test_clean_weights_no_rounding"
      },
      "expectation_kind": "numeric",
      "expected": {
        "result": null,
        "status": "pass",
        "warnings": []
      },
      "id": "test::base_optimizer::test_clean_weights_no_rounding",
      "inputs_ref": {
        "api_mentions": [],
        "datasets": []
      },
      "module": "base_optimizer",
      "source_test": "tests/test_base_optimizer.py::test_clean_weights_no_rounding",
      "tolerance": {
        "atol": 1e-08,
        "rtol": 1e-06
      }
    },
    {
      "call": {
        "kind": "python_test_function",
        "symbol": "tests.test_base_optimizer.test_clean_weights_short"
      },
      "expectation_kind": "invariant",
      "expected": {
        "result": null,
        "status": "pass",
        "warnings": []
      },
      "id": "test::base_optimizer::test_clean_weights_short",
      "inputs_ref": {
        "api_mentions": [],
        "datasets": []
      },
      "module": "base_optimizer",
      "source_test": "tests/test_base_optimizer.py::test_clean_weights_short",
      "tolerance": {
        "atol": 0.0,
        "rtol": 0.0
      }
    },
    {
      "call": {
        "kind": "python_test_function",
        "symbol": "tests.test_base_optimizer.test_custom_bounds"
      },
      "expectation_kind": "numeric",
      "expected": {
        "result": null,
        "status": "pass",
        "warnings": []
      },
      "id": "test::base_optimizer::test_custom_bounds",
      "inputs_ref": {
        "api_mentions": [],
        "datasets": []
      },
      "module": "base_optimizer",
      "source_test": "tests/test_base_optimizer.py::test_custom_bounds",
      "tolerance": {
        "atol": 1e-08,
        "rtol": 1e-06
      }
    },
    {
      "call": {
        "kind": "python_test_function",
        "symbol": "tests.test_base_optimizer.test_custom_bounds_different_values"
      },
      "expectation_kind": "numeric",
      "expected": {
        "result": null,
        "status": "pass",
        "warnings": []
      },
      "id": "test::base_optimizer::test_custom_bounds_different_values",
      "inputs_ref": {
        "api_mentions": [],
        "datasets": []
      },
      "module": "base_optimizer",
      "source_test": "tests/test_base_optimizer.py::test_custom_bounds_different_values",
      "tolerance": {
        "atol": 1e-08,
        "rtol": 1e-06
      }
    },
    {
      "call": {
        "kind": "python_test_function",
        "symbol": "tests.test_base_optimizer.test_efficient_frontier_init_errors"
      },
      "expectation_kind": "exception",
      "expected": {
        "result": null,
        "status": "pass",
        "warnings": []
      },
      "id": "test::base_optimizer::test_efficient_frontier_init_errors",
      "inputs_ref": {
        "api_mentions": [
          "EfficientFrontier"
        ],
        "datasets": [
          "stock_prices"
        ]
      },
      "module": "base_optimizer",
      "source_test": "tests/test_base_optimizer.py::test_efficient_frontier_init_errors",
      "tolerance": {
        "atol": 0.0,
        "rtol": 0.0
      }
    },
    {
      "call": {
        "kind": "python_test_function",
        "symbol": "tests.test_base_optimizer.test_exception_immutability"
      },
      "expectation_kind": "exception",
      "expected": {
        "result": null,
        "status": "pass",
        "warnings": [
          {
            "category": "RuntimeWarning",
            "message": "Market neutrality requires shorting - bounds have been amended"
          }
        ]
      },
      "id": "test::base_optimizer::test_exception_immutability",
      "inputs_ref": {
        "api_mentions": [
          "transaction_cost"
        ],
        "datasets": []
      },
      "module": "base_optimizer",
      "source_test": "tests/test_base_optimizer.py::test_exception_immutability",
      "tolerance": {
        "atol": 0.0,
        "rtol": 0.0
      }
    },
    {
      "call": {
        "kind": "python_test_function",
        "symbol": "tests.test_base_optimizer.test_none_bounds"
      },
      "expectation_kind": "numeric",
      "expected": {
        "result": null,
        "status": "pass",
        "warnings": []
      },
      "id": "test::base_optimizer::test_none_bounds",
      "inputs_ref": {
        "api_mentions": [],
        "datasets": []
      },
      "module": "base_optimizer",
      "source_test": "tests/test_base_optimizer.py::test_none_bounds",
      "tolerance": {
        "atol": 1e-08,
        "rtol": 1e-06
      }
    },
    {
      "call": {
        "kind": "python_test_function",
        "symbol": "tests.test_base_optimizer.test_portfolio_performance"
      },
      "expectation_kind": "exception",
      "expected": {
        "result": null,
        "status": "pass",
        "warnings": []
      },
      "id": "test::base_optimizer::test_portfolio_performance",
      "inputs_ref": {
        "api_mentions": [],
        "datasets": []
      },
      "module": "base_optimizer",
      "source_test": "tests/test_base_optimizer.py::test_portfolio_performance",
      "tolerance": {
        "atol": 0.0,
        "rtol": 0.0
      }
    },
    {
      "call": {
        "kind": "python_test_function",
        "symbol": "tests.test_base_optimizer.test_problem_access"
      },
      "expectation_kind": "invariant",
      "expected": {
        "result": null,
        "status": "pass",
        "warnings": []
      },
      "id": "test::base_optimizer::test_problem_access",
      "inputs_ref": {
        "api_mentions": [],
        "datasets": []
      },
      "module": "base_optimizer",
      "source_test": "tests/test_base_optimizer.py::test_problem_access",
      "tolerance": {
        "atol": 0.0,
        "rtol": 0.0
      }
    },
    {
      "call": {
        "kind": "python_test_function",
        "symbol": "tests.test_base_optimizer.test_save_weights_to_file"
      },
      "expectation_kind": "exception",
      "expected": {
        "result": null,
        "status": "pass",
        "warnings": []
      },
      "id": "test::base_optimizer::test_save_weights_to_file",
      "inputs_ref": {
        "api_mentions": [],
        "datasets": []
      },
      "module": "base_optimizer",
      "source_test": "tests/test_base_optimizer.py::test_save_weights_to_file",
      "tolerance": {
        "atol": 0.0,
        "rtol": 0.0
      }
    },
    {
      "call": {
        "kind": "python_test_function",
        "symbol": "tests.test_base_optimizer.test_set_weights"
      },
      "expectation_kind": "numeric",
      "expected": {
        "result": null,
        "status": "pass",
        "warnings": []
      },
      "id": "test::base_optimizer::test_set_weights",
      "inputs_ref": {
        "api_mentions": [],
        "datasets": []
      },
      "module": "base_optimizer",
      "source_test": "tests/test_base_optimizer.py::test_set_weights",
      "tolerance": {
        "atol": 1e-08,
        "rtol": 1e-06
      }
    },
    {
      "call": {
        "kind": "python_test_function",
        "symbol": "tests.test_base_optimizer.test_weight_bounds_minus_one_to_one"
      },
      "expectation_kind": "invariant",
      "expected": {
        "result": null,
        "status": "pass",
        "warnings": []
      },
      "id": "test::base_optimizer::test_weight_bounds_minus_one_to_one",
      "inputs_ref": {
        "api_mentions": [],
        "datasets": []
      },
      "module": "base_optimizer",
      "source_test": "tests/test_base_optimizer.py::test_weight_bounds_minus_one_to_one",
      "tolerance": {
        "atol": 0.0,
        "rtol": 0.0
      }
    },
    {
      "call": {
        "kind": "python_test_function",
        "symbol": "tests.test_black_litterman.test_bl_cov_default"
      },
      "expectation_kind": "invariant",
      "expected": {
        "result": null,
        "status": "pass",
        "warnings": [
          {
            "category": "UserWarning",
            "message": "Running Black-Litterman with no prior."
          }
        ]
      },
      "id": "test::black_litterman::test_bl_cov_default",
      "inputs_ref": {
        "api_mentions": [
          "BlackLittermanModel",
          "CovarianceShrinkage"
        ],
        "datasets": [
          "stock_prices"
        ]
      },
      "module": "black_litterman",
      "source_test": "tests/test_black_litterman.py::test_bl_cov_default",
      "tolerance": {
        "atol": 0.0,
        "rtol": 0.0
      }
    },
    {
      "call": {
        "kind": "python_test_function",
        "symbol": "tests.test_black_litterman.test_bl_equal_prior"
      },
      "expectation_kind": "numeric",
      "expected": {
        "result": null,
        "status": "pass",
        "warnings": []
      },
      "id": "test::black_litterman::test_bl_equal_prior",
      "inputs_ref": {
        "api_mentions": [
          "BlackLittermanModel",
          "sample_cov"
        ],
        "datasets": [
          "stock_prices"
        ]
      },
      "module": "black_litterman",
      "source_test": "tests/test_black_litterman.py::test_bl_equal_prior",
      "tolerance": {
        "atol": 1e-08,
        "rtol": 1e-06
      }
    },
    {
      "call": {
        "kind": "python_test_function",
        "symbol": "tests.test_black_litterman.test_bl_market_automatic"
      },
      "expectation_kind": "numeric",
      "expected": {
        "result": null,
        "status": "pass",
        "warnings": []
      },
      "id": "test::black_litterman::test_bl_market_automatic",
      "inputs_ref": {
        "api_mentions": [
          "BlackLittermanModel",
          "market_implied_prior_returns",
          "sample_cov"
        ],
        "datasets": [
          "stock_prices"
        ]
      },
      "module": "black_litterman",
      "source_test": "tests/test_black_litterman.py::test_bl_market_automatic",
      "tolerance": {
        "atol": 1e-08,
        "rtol": 1e-06
      }
    },
    {
      "call": {
        "kind": "python_test_function",
        "symbol": "tests.test_black_litterman.test_bl_market_prior"
      },
      "expectation_kind": "exception",
      "expected": {
        "result": null,
        "status": "pass",
        "warnings": []
      },
      "id": "test::black_litterman::test_bl_market_prior",
      "inputs_ref": {
        "api_mentions": [
          "BlackLittermanModel",
          "market_implied_prior_returns",
          "market_implied_risk_aversion",
          "sample_cov"
        ],
        "datasets": [
          "stock_prices"
        ]
      },
      "module": "black_litterman",
      "source_test": "tests/test_black_litterman.py::test_bl_market_prior",
      "tolerance": {
        "atol": 0.0,
        "rtol": 0.0
      }
    },
    {
      "call": {
        "kind": "python_test_function",
        "symbol": "tests.test_black_litterman.test_bl_no_uncertainty"
      },
      "expectation_kind": "invariant",
      "expected": {
        "result": null,
        "status": "pass",
        "warnings": [
          {
            "category": "UserWarning",
            "message": "Running Black-Litterman with no prior."
          },
          {
            "category": "UserWarning",
            "message": "Running Black-Litterman with no prior."
          }
        ]
      },
      "id": "test::black_litterman::test_bl_no_uncertainty",
      "inputs_ref": {
        "api_mentions": [
          "BlackLittermanModel",
          "sample_cov"
        ],
        "datasets": [
          "stock_prices"
        ]
      },
      "module": "black_litterman",
      "source_test": "tests/test_black_litterman.py::test_bl_no_uncertainty",
      "tolerance": {
        "atol": 0.0,
        "rtol": 0.0
      }
    },
    {
      "call": {
        "kind": "python_test_function",
        "symbol": "tests.test_black_litterman.test_bl_relative_views"
      },
      "expectation_kind": "invariant",
      "expected": {
        "result": null,
        "status": "pass",
        "warnings": [
          {
            "category": "UserWarning",
            "message": "Running Black-Litterman with no prior."
          }
        ]
      },
      "id": "test::black_litterman::test_bl_relative_views",
      "inputs_ref": {
        "api_mentions": [
          "BlackLittermanModel",
          "CovarianceShrinkage"
        ],
        "datasets": [
          "stock_prices"
        ]
      },
      "module": "black_litterman",
      "source_test": "tests/test_black_litterman.py::test_bl_relative_views",
      "tolerance": {
        "atol": 0.0,
        "rtol": 0.0
      }
    },
    {
      "call": {
        "kind": "python_test_function",
        "symbol": "tests.test_black_litterman.test_bl_returns_all_views"
      },
      "expectation_kind": "numeric",
      "expected": {
        "result": null,
        "status": "pass",
        "warnings": []
      },
      "id": "test::black_litterman::test_bl_returns_all_views",
      "inputs_ref": {
        "api_mentions": [
          "BlackLittermanModel",
          "CovarianceShrinkage",
          "ema_historical_return"
        ],
        "datasets": [
          "stock_prices"
        ]
      },
      "module": "black_litterman",
      "source_test": "tests/test_black_litterman.py::test_bl_returns_all_views",
      "tolerance": {
        "atol": 1e-08,
        "rtol": 1e-06
      }
    },
    {
      "call": {
        "kind": "python_test_function",
